item_id,cefr_true,cefr_hat,error_type,true_p_mid,alpha,beta,k_train,n_train,p_est,p_error,ci95_low,ci95_high,ci95_width,acc_test_mid,brier_test_mid,logloss_test_mid,cefr_conf,cefr_margin,cefr_entropy,d_to_boundary_true,nearest_boundary_true,d_to_boundary_hat,nearest_boundary_hat,acc_weak_test,acc_strong_test,gap_strong_weak_test,flag_entropy,flag_conf,flag_margin,flag_boundary,flag_gap,flag_review,T,n_test
1,A1,A2,adjacent,0.8516666666666667,97.0,23.0,96,118,0.8083333333333333,-0.043333333333333335,0.7335866201033425,0.8733560688340505,0.13976944873070796,0.9038461538461539,0.09603098290598287,0.3511669914492624,0.8787275343307347,0.7604942113164592,0.3836570946022775,0.0016666666666667052,0.85,0.04166666666666663,0.85,0.8076923076923077,0.8846153846153846,0.07692307692307687,0,0,0,1,0,1,170,52
2,A1,A1,exact,0.855,103.0,17.0,102,118,0.8583333333333333,0.0033333333333332993,0.7908552151584625,0.914523197620356,0.12366798246189359,0.7307692307692307,0.21301816239316237,0.6377861972144847,0.6253037529110884,0.2506271598840064,0.6616212324763547,0.0050000000000000044,0.85,0.008333333333333304,0.85,0.8461538461538461,0.9230769230769231,0.07692307692307698,1,0,0,1,0,1,170,52
3,A1,A1,exact,0.8583333333333333,106.0,14.0,105,118,0.8833333333333333,0.025000000000000022,0.8204361285143028,0.9341660970874122,0.11372996857310935,0.9423076923076923,0.05784188034188034,0.2408439043140255,0.8697106096782999,0.73942187433104,0.3869451015423012,0.008333333333333304,0.85,0.033333333333333326,0.85,0.8269230769230769,0.9615384615384616,0.1346153846153847,0,0,0,1,0,1,170,52
5,A1,A1,exact,0.865,103.0,17.0,102,118,0.8583333333333333,-0.00666666666666671,0.7908552151584625,0.914523197620356,0.12366798246189359,0.8461538461538461,0.13032585470085467,0.42991900750216705,0.6253037529110884,0.2506271598840064,0.6616212324763547,0.015000000000000013,0.85,0.008333333333333304,0.85,0.8653846153846154,0.8269230769230769,-0.03846153846153855,1,0,0,0,1,1,170,52
13,A1,A1,exact,0.8916666666666666,110.0,10.0,109,118,0.9166666666666666,0.025000000000000022,0.8612828805203542,0.9589656122126764,0.09768273169232222,0.9038461538461539,0.08707264957264958,0.31757823014331915,0.9879775712136005,0.975955144733168,0.06510083901920966,0.04166666666666663,0.85,0.033333333333333326,0.95,0.8846153846153846,0.8461538461538461,-0.038461538461538436,0,0,0,0,1,1,170,52
14,A1,A1,exact,0.895,105.0,15.0,104,118,0.875,-0.020000000000000018,0.8104909648132549,0.9277026405016942,0.11721167568843927,0.9038461538461539,0.08774038461538461,0.3206381377259951,0.8028636924912933,0.6057295777607068,0.4964339877693234,0.04500000000000004,0.85,0.025000000000000022,0.85,0.9230769230769231,0.9423076923076923,0.019230769230769162,0,0,0,0,1,1,170,52
15,A1,A1,exact,0.8983333333333333,108.0,12.0,107,118,0.9,0.0016666666666667052,0.8406229493220503,0.9467994455733677,0.10617649625131742,0.8653846153846154,0.11769230769230768,0.40114074722231735,0.9539644848540271,0.9079290156126173,0.18667298084366293,0.04833333333333334,0.85,0.04999999999999993,0.95,0.9038461538461539,0.9230769230769231,0.019230769230769273,0,0,0,0,1,1,170,52
17,A1,A1,exact,0.905,110.0,10.0,109,118,0.9166666666666666,0.011666666666666603,0.8612828805203542,0.9589656122126764,0.09768273169232222,0.9423076923076923,0.055021367521367534,0.22535148888184345,0.9879775712136005,0.975955144733168,0.06510083901920966,0.04499999999999993,0.95,0.033333333333333326,0.95,0.8846153846153846,0.9038461538461539,0.019230769230769273,0,0,0,0,1,1,170,52
18,A1,A1,exact,0.9083333333333332,105.0,15.0,104,118,0.875,-0.033333333333333215,0.8104909648132549,0.9277026405016942,0.11721167568843927,0.9615384615384616,0.04447115384615385,0.2083740906651116,0.8028636924912933,0.6057295777607068,0.4964339877693234,0.04166666666666674,0.95,0.025000000000000022,0.85,0.9230769230769231,0.8653846153846154,-0.05769230769230771,0,0,0,0,1,1,170,52
19,A1,A1,exact,0.9116666666666666,107.0,13.0,106,118,0.8916666666666667,-0.019999999999999907,0.830476804609474,0.9405349402809752,0.11005813567150113,0.9423076923076923,0.05692841880341877,0.2362713396855457,0.9196510330705777,0.8393022468327112,0.2796233746022223,0.03833333333333333,0.95,0.04166666666666674,0.85,0.9615384615384616,0.8269230769230769,-0.1346153846153847,0,0,0,0,1,1,170,52
21,A1,A1,exact,0.9183333333333332,111.0,9.0,110,118,0.925,0.006666666666666821,0.8718304503892995,0.9648345978023997,0.09300414741310015,0.9230769230769231,0.0710096153846154,0.2712158202371053,0.9945047031906669,0.9890094068394352,0.03407694791389601,0.03166666666666673,0.95,0.02499999999999991,0.95,0.9038461538461539,0.8653846153846154,-0.038461538461538436,0,0,0,0,1,1,170,52
22,A1,A1,exact,0.9216666666666666,112.0,8.0,111,118,0.9333333333333333,0.011666666666666714,0.8825536951475721,0.9705314649735678,0.0879777698259957,0.9615384615384616,0.037777777777777785,0.17049507647215373,0.9976525804686917,0.9953051610220063,0.016556971286076295,0.02833333333333332,0.95,0.016666666666666607,0.95,0.9807692307692307,0.9615384615384616,-0.019230769230769162,0,0,0,0,1,1,170,52
23,A1,A1,exact,0.925,111.0,9.0,110,118,0.925,0.0,0.8718304503892995,0.9648345978023997,0.09300414741310015,0.8461538461538461,0.1363942307692308,0.4644700990044988,0.9945047031906669,0.9890094068394352,0.03407694791389601,0.02499999999999991,0.95,0.02499999999999991,0.95,0.9038461538461539,0.9423076923076923,0.038461538461538436,0,0,0,0,1,1,170,52
24,A1,A1,exact,0.9283333333333332,107.0,13.0,106,118,0.8916666666666667,-0.036666666666666514,0.830476804609474,0.9405349402809752,0.11005813567150113,0.9615384615384616,0.041864316239316204,0.19573519589707708,0.9196510330705777,0.8393022468327112,0.2796233746022223,0.021666666666666723,0.95,0.04166666666666674,0.85,0.9423076923076923,0.9423076923076923,0.0,0,0,0,0,1,1,170,52
25,A1,A1,exact,0.9316666666666666,112.0,8.0,111,118,0.9333333333333333,0.0016666666666667052,0.8825536951475721,0.9705314649735678,0.0879777698259957,0.9038461538461539,0.08777777777777779,0.32274838394995725,0.9976525804686917,0.9953051610220063,0.016556971286076295,0.018333333333333313,0.95,0.016666666666666607,0.95,0.9423076923076923,0.9230769230769231,-0.019230769230769162,0,0,0,0,1,1,170,52
26,A1,A1,exact,0.935,110.0,10.0,109,118,0.9166666666666666,-0.018333333333333424,0.8612828805203542,0.9589656122126764,0.09768273169232222,0.9615384615384616,0.03899572649572651,0.17923811825110555,0.9879775712136005,0.975955144733168,0.06510083901920966,0.014999999999999902,0.95,0.033333333333333326,0.95,0.9615384615384616,0.9230769230769231,-0.038461538461538436,0,0,0,0,1,1,170,52
28,A1,A1,exact,0.9416666666666668,108.0,12.0,107,118,0.9,-0.04166666666666674,0.8406229493220503,0.9467994455733677,0.10617649625131742,1.0,0.009999999999999997,0.10536051565782627,0.9539644848540271,0.9079290156126173,0.18667298084366293,0.008333333333333193,0.95,0.04999999999999993,0.95,0.9807692307692307,0.9038461538461539,-0.07692307692307687,0,0,0,1,1,1,170,52
29,A1,A1,exact,0.945,115.0,5.0,114,118,0.9583333333333334,0.01333333333333342,0.9161709907504949,0.9862186048098772,0.07004761405938231,1.0,0.001736111111111108,0.0425596144187959,0.999867784458039,0.9997355689164542,0.0013130341078234943,0.0050000000000000044,0.95,0.008333333333333415,0.95,0.9615384615384616,0.9423076923076923,-0.019230769230769273,0,0,0,1,1,1,170,52
30,A1,A1,exact,0.9483333333333333,111.0,9.0,110,118,0.925,-0.023333333333333206,0.8718304503892995,0.9648345978023997,0.09300414741310015,0.9423076923076923,0.05466346153846155,0.22290225054525692,0.9945047031906669,0.9890094068394352,0.03407694791389601,0.0016666666666667052,0.95,0.02499999999999991,0.95,0.9230769230769231,0.9230769230769231,0.0,0,0,0,1,1,1,170,52
31,A2,B1,adjacent,0.7024999999999999,80.0,40.0,79,118,0.6666666666666666,-0.03583333333333327,0.5802213958192048,0.7478493373941824,0.1676279415749775,0.7307692307692307,0.20085470085470084,0.5920816567204573,0.7736380516635517,0.5516995754631682,0.5566337551800935,0.0024999999999999467,0.7,0.033333333333333326,0.7,0.5961538461538461,0.6730769230769231,0.07692307692307698,0,0,0,1,0,1,170,52
32,A2,A2,exact,0.7074999999999999,86.0,34.0,85,118,0.7166666666666667,0.009166666666666767,0.6331533379392077,0.7933404141171749,0.16018707617796724,0.6730769230769231,0.22194444444444436,0.6365247372561323,0.6659170946862976,0.33202717581226676,0.6387957252973855,0.007499999999999951,0.7,0.01666666666666672,0.7,0.7115384615384616,0.7692307692307693,0.05769230769230771,1,0,0,1,0,1,170,52
33,A2,A2,exact,0.7124999999999999,86.0,34.0,85,118,0.7166666666666667,0.004166666666666763,0.6331533379392077,0.7933404141171749,0.16018707617796724,0.75,0.1886111111111111,0.565141139437875,0.6659170946862976,0.33202717581226676,0.6387957252973855,0.012499999999999956,0.7,0.01666666666666672,0.7,0.6346153846153846,0.6538461538461539,0.019230769230769273,1,0,0,0,1,1,170,52
34,A2,A2,exact,0.7174999999999999,91.0,29.0,90,118,0.7583333333333333,0.04083333333333339,0.6781961296398777,0.8303183447932636,0.15212221515338586,0.7692307692307693,0.17763354700854703,0.5405315462337443,0.9225350344942715,0.8499756072675321,0.2908266199494114,0.01749999999999996,0.7,0.05833333333333335,0.7,0.6153846153846154,0.6538461538461539,0.038461538461538436,0,0,0,0,1,1,170,52
36,A2,A2,exact,0.7274999999999999,94.0,26.0,93,118,0.7833333333333333,0.0558333333333334,0.7056897889091809,0.8520381884863873,0.14634839957720647,0.7307692307692307,0.19950854700854703,0.5902118724251056,0.9526617981689877,0.9235470148748993,0.2221505676810922,0.02749999999999997,0.7,0.06666666666666665,0.85,0.8269230769230769,0.8269230769230769,0.0,0,0,0,0,1,1,170,52
38,A2,A2,exact,0.7374999999999999,95.0,25.0,94,118,0.7916666666666666,0.054166666666666696,0.71494134470355,0.8591913798972766,0.1442500351937266,0.7692307692307693,0.17801816239316243,0.5416920204274299,0.9410032642837228,0.8925308776150866,0.2518642293695589,0.03749999999999998,0.7,0.05833333333333335,0.85,0.75,0.7115384615384616,-0.038461538461538436,0,0,0,0,1,1,170,52
39,A2,A2,exact,0.7424999999999999,84.0,36.0,83,118,0.7,-0.04249999999999998,0.6153818045326394,0.7783040986891099,0.16292229415647053,0.7884615384615384,0.17461538461538462,0.5359110297898716,0.510590827800416,0.021557960457840974,0.6960718330236297,0.04249999999999998,0.7,0.0,0.7,0.7692307692307693,0.6923076923076923,-0.07692307692307698,1,1,1,0,1,1,170,52
40,A2,A2,exact,0.7474999999999999,84.0,36.0,83,118,0.7,-0.04749999999999999,0.6153818045326394,0.7783040986891099,0.16292229415647053,0.7692307692307693,0.18230769230769228,0.5522052194127024,0.510590827800416,0.021557960457840974,0.6960718330236297,0.04749999999999999,0.7,0.0,0.7,0.5961538461538461,0.7307692307692307,0.13461538461538458,1,1,1,0,0,1,170,52
41,A2,A2,exact,0.7525,94.0,26.0,93,118,0.7833333333333333,0.03083333333333338,0.7056897889091809,0.8520381884863873,0.14634839957720647,0.8076923076923077,0.15591880341880343,0.49135046902137325,0.9526617981689877,0.9235470148748993,0.2221505676810922,0.05249999999999999,0.7,0.06666666666666665,0.85,0.6923076923076923,0.7307692307692307,0.038461538461538436,0,0,0,0,1,1,170,52
42,A2,A2,exact,0.7575,92.0,28.0,91,118,0.7666666666666667,0.009166666666666767,0.6873188939776416,0.8375999720903018,0.15028107811266023,0.75,0.18777777777777777,0.5630991824514647,0.9429798988419124,0.8952175474353049,0.243984141301449,0.057499999999999996,0.7,0.06666666666666676,0.7,0.8269230769230769,0.7692307692307693,-0.0576923076923076,0,0,0,0,1,1,170,52
46,A2,A2,exact,0.7775,91.0,29.0,90,118,0.7583333333333333,-0.019166666666666665,0.6781961296398777,0.8303183447932636,0.15212221515338586,0.9038461538461539,0.10808226495726496,0.38659028208542445,0.9225350344942715,0.8499756072675321,0.2908266199494114,0.07250000000000001,0.85,0.05833333333333335,0.7,0.75,0.6923076923076923,-0.05769230769230771,0,0,0,0,1,1,170,52
48,A2,A2,exact,0.7875,89.0,31.0,88,118,0.7416666666666667,-0.04583333333333328,0.6600685338407752,0.8156374299388192,0.15556889609804392,0.7692307692307693,0.17827457264957258,0.5422359496453663,0.8499960807626676,0.7012167366630699,0.4298638038370713,0.0625,0.85,0.04166666666666674,0.7,0.8461538461538461,0.8461538461538461,0.0,0,0,0,0,1,1,170,52
49,A2,A1,adjacent,0.7925,102.0,18.0,101,118,0.85,0.057499999999999996,0.7811516057939496,0.9078200020328673,0.12666839623891768,0.8846153846153846,0.10326923076923075,0.3626652051194795,0.5238177795175364,0.04768857686932271,0.6925478103035663,0.057499999999999996,0.85,0.0,0.85,0.8461538461538461,0.7884615384615384,-0.05769230769230771,1,1,1,0,1,1,170,52
50,A2,A2,exact,0.7975,94.0,26.0,93,118,0.7833333333333333,-0.01416666666666666,0.7056897889091809,0.8520381884863873,0.14634839957720647,0.8461538461538461,0.13412393162393166,0.44191976731950694,0.9526617981689877,0.9235470148748993,0.2221505676810922,0.05249999999999999,0.85,0.06666666666666665,0.85,0.7884615384615384,0.75,-0.038461538461538436,0,0,0,0,1,1,170,52
51,A2,A2,exact,0.8025,95.0,25.0,94,118,0.7916666666666666,-0.010833333333333361,0.71494134470355,0.8591913798972766,0.1442500351937266,0.7884615384615384,0.1668002136752137,0.5160189229902694,0.9410032642837228,0.8925308776150866,0.2518642293695589,0.04749999999999999,0.85,0.05833333333333335,0.85,0.7884615384615384,0.7884615384615384,0.0,0,0,0,0,1,1,170,52
53,A2,A2,exact,0.8125,96.0,24.0,95,118,0.8,-0.012499999999999956,0.7242395551874582,0.8662980664983667,0.14205851131090852,0.8076923076923077,0.15538461538461534,0.48973862076034247,0.9168641640666829,0.8395251783859152,0.3073900361091527,0.03749999999999998,0.85,0.04999999999999993,0.85,0.8076923076923077,0.75,-0.05769230769230771,0,0,0,0,1,1,170,52
55,A2,A2,exact,0.8225,98.0,22.0,97,118,0.8166666666666667,-0.005833333333333357,0.7429849875669825,0.880362962803095,0.1373779752361125,0.8461538461538461,0.13104700854700854,0.4323588833902826,0.8253059488751804,0.652125298469239,0.4719451941660171,0.02749999999999997,0.85,0.033333333333333326,0.85,0.8269230769230769,0.8076923076923077,-0.019230769230769162,0,0,0,0,1,1,170,52
56,A2,A2,exact,0.8274999999999999,98.0,22.0,97,118,0.8166666666666667,-0.01083333333333325,0.7429849875669825,0.880362962803095,0.1373779752361125,0.8076923076923077,0.15540598290598295,0.48981753820998486,0.8253059488751804,0.652125298469239,0.4719451941660171,0.022500000000000075,0.85,0.033333333333333326,0.85,0.8653846153846154,0.8076923076923077,-0.05769230769230771,0,0,0,0,1,1,170,52
57,A2,A1,adjacent,0.8325,103.0,17.0,102,118,0.8583333333333333,0.025833333333333264,0.7908552151584625,0.914523197620356,0.12366798246189359,0.8461538461538461,0.13032585470085467,0.42991900750216705,0.6253037529110884,0.2506271598840064,0.6616212324763547,0.01749999999999996,0.85,0.008333333333333304,0.85,0.75,0.7692307692307693,0.019230769230769273,1,0,0,0,1,1,170,52
58,A2,A2,exact,0.8374999999999999,94.0,26.0,93,118,0.7833333333333333,-0.054166666666666585,0.7056897889091809,0.8520381884863873,0.14634839957720647,0.9423076923076923,0.07963675213675216,0.31834301306484136,0.9526617981689877,0.9235470148748993,0.2221505676810922,0.012500000000000067,0.85,0.06666666666666665,0.85,0.7692307692307693,0.7884615384615384,0.019230769230769162,0,0,0,0,1,1,170,52
59,A2,A2,exact,0.8425,101.0,19.0,100,118,0.8416666666666667,-0.0008333333333333526,0.7715170020965111,0.901048214714197,0.12953121261768596,0.7307692307692307,0.2090438034188034,0.6221701014686224,0.5775476000892438,0.15522924483241757,0.6822850731990076,0.007499999999999951,0.85,0.008333333333333304,0.85,0.8269230769230769,0.9038461538461539,0.07692307692307698,1,1,0,1,0,1,170,52
60,A2,A2,exact,0.8474999999999999,101.0,19.0,100,118,0.8416666666666667,-0.005833333333333246,0.7715170020965111,0.901048214714197,0.12953121261768596,0.8269230769230769,0.1433386752136752,0.4615276459229668,0.5775476000892438,0.15522924483241757,0.6822850731990076,0.0025000000000000577,0.85,0.008333333333333304,0.85,0.8846153846153846,0.8846153846153846,0.0,1,1,0,1,1,1,170,52
61,B1,B2,adjacent,0.5525,50.0,70.0,49,118,0.4166666666666667,-0.1358333333333333,0.3303035411638475,0.5056617190075543,0.17535817784370678,0.6346153846153846,0.27938034188034183,0.7525269585884566,0.6391777283033395,0.28007924283850794,0.6649965445654873,0.0024999999999999467,0.55,0.016666666666666663,0.4,0.5,0.6346153846153846,0.13461538461538458,1,0,0,1,0,1,170,52
62,B1,B1,exact,0.5575,73.0,47.0,72,118,0.6083333333333333,0.050833333333333286,0.5198173190689468,0.6934280173413028,0.17361069827235598,0.5961538461538461,0.24090277777777777,0.6748505444837506,0.886509327972925,0.7900262136515992,0.40171864121783407,0.007499999999999951,0.55,0.05833333333333324,0.55,0.6923076923076923,0.6538461538461539,-0.038461538461538436,0,0,0,1,1,1,170,52
67,B1,B1,exact,0.5825,68.0,52.0,67,118,0.5666666666666667,-0.015833333333333366,0.47748235352653984,0.6537453839517969,0.1762630304252571,0.6730769230769231,0.2313675213675213,0.655685725531123,0.6450427543915405,0.29127866361308297,0.6588318048610198,0.03249999999999997,0.55,0.016666666666666607,0.55,0.5192307692307693,0.5192307692307693,0.0,1,0,0,0,1,1,170,52
69,B1,B1,exact,0.5925,69.0,51.0,68,118,0.575,-0.01750000000000007,0.48589745716815586,0.6617337762288846,0.17583631906072877,0.5961538461538461,0.241201923076923,0.6754602056719329,0.710138877043766,0.4223237173867344,0.6144581985538815,0.04249999999999998,0.55,0.02499999999999991,0.55,0.46153846153846156,0.6153846153846154,0.15384615384615385,1,0,0,0,0,1,170,52
70,B1,B1,exact,0.5975,67.0,53.0,66,118,0.5583333333333333,-0.03916666666666668,0.46909278308554286,0.6457314676684722,0.17663868458292936,0.4807692307692308,0.25564636752136755,0.704507182192018,0.5749287658171459,0.1506585160121685,0.6881887808438995,0.04749999999999999,0.55,0.008333333333333304,0.55,0.5384615384615384,0.7115384615384616,0.17307692307692313,1,1,0,0,0,1,170,52
71,B1,B1,exact,0.6025,68.0,52.0,67,118,0.5666666666666667,-0.035833333333333384,0.47748235352653984,0.6537453839517969,0.1762630304252571,0.6538461538461539,0.23393162393162387,0.6608446483502514,0.6450427543915405,0.29127866361308297,0.6588318048610198,0.05249999999999999,0.55,0.016666666666666607,0.55,0.5192307692307693,0.6346153846153846,0.11538461538461531,1,0,0,0,0,1,170,52
72,B1,A2,adjacent,0.6075,87.0,33.0,86,118,0.725,0.11749999999999994,0.6420897261796088,0.8008080321624242,0.15871830598281544,0.6153846153846154,0.24870192307692313,0.6944299922767326,0.7360230789164828,0.47234040205932276,0.5795805865165288,0.057499999999999996,0.55,0.025000000000000022,0.7,0.6730769230769231,0.6346153846153846,-0.03846153846153855,0,0,0,0,1,1,170,52
75,B1,B1,exact,0.6225,71.0,49.0,70,118,0.5916666666666667,-0.03083333333333338,0.5028050366309889,0.6776332215248051,0.17482818489381624,0.7307692307692307,0.21609508547008552,0.6246586754528392,0.8176275797810035,0.641460244568129,0.502132499512058,0.07250000000000001,0.55,0.04166666666666663,0.55,0.6923076923076923,0.7307692307692307,0.038461538461538436,0,0,0,0,1,1,170,52
76,B1,B1,exact,0.6275,67.0,53.0,66,118,0.5583333333333333,-0.0691666666666666,0.46909278308554286,0.6457314676684722,0.17663868458292936,0.6923076923076923,0.23096688034188032,0.6549224174953394,0.5749287658171459,0.1506585160121685,0.6881887808438995,0.07250000000000001,0.7,0.008333333333333304,0.55,0.7115384615384616,0.6346153846153846,-0.07692307692307698,1,1,0,0,1,1,170,52
78,B1,B1,exact,0.6375,69.0,51.0,68,118,0.575,-0.0625,0.48589745716815586,0.6617337762288846,0.17583631906072877,0.6730769230769231,0.2296634615384615,0.6522078309124765,0.710138877043766,0.4223237173867344,0.6144581985538815,0.0625,0.7,0.02499999999999991,0.55,0.5384615384615384,0.7115384615384616,0.17307692307692313,1,0,0,0,0,1,170,52
81,B1,B1,exact,0.6525,69.0,51.0,68,118,0.575,-0.07750000000000001,0.48589745716815586,0.6617337762288846,0.17583631906072877,0.5769230769230769,0.2440865384615384,0.6812732993617968,0.710138877043766,0.4223237173867344,0.6144581985538815,0.04749999999999999,0.7,0.02499999999999991,0.55,0.5384615384615384,0.6538461538461539,0.11538461538461542,1,0,0,0,0,1,170,52
83,B1,B1,exact,0.6625,73.0,47.0,72,118,0.6083333333333333,-0.054166666666666696,0.5198173190689468,0.6934280173413028,0.17361069827235598,0.6730769230769231,0.2242361111111111,0.6409804029884942,0.886509327972925,0.7900262136515992,0.40171864121783407,0.03749999999999998,0.7,0.05833333333333324,0.55,0.6346153846153846,0.6730769230769231,0.03846153846153855,0,0,0,0,1,1,170,52
84,B1,A2,adjacent,0.6675,85.0,35.0,84,118,0.7083333333333334,0.04083333333333339,0.624250990583451,0.7858388114907316,0.16158782090728063,0.6153846153846154,0.24532585470085472,0.6861109459074615,0.5898267708102543,0.17987390527287367,0.6789147580546644,0.03249999999999997,0.7,0.008333333333333415,0.7,0.6153846153846154,0.7884615384615384,0.17307692307692302,1,1,0,0,0,1,170,52
85,B1,B1,exact,0.6725,78.0,42.0,77,118,0.65,-0.022499999999999964,0.5628218855317938,0.7324414687537422,0.16961958322194837,0.7307692307692307,0.2032692307692308,0.5974473183556681,0.8636579384838344,0.7398882003847077,0.44021026240968925,0.02749999999999997,0.7,0.04999999999999993,0.7,0.7307692307692307,0.7115384615384616,-0.019230769230769162,0,0,0,0,1,1,170,52
86,B1,A2,adjacent,0.6775,84.0,36.0,83,118,0.7,0.022499999999999964,0.6153818045326394,0.7783040986891099,0.16292229415647053,0.7307692307692307,0.19769230769230772,0.5847935986583641,0.510590827800416,0.021557960457840974,0.6960718330236297,0.022499999999999964,0.7,0.0,0.7,0.6153846153846154,0.6730769230769231,0.05769230769230771,1,1,1,0,0,1,170,52
87,B1,A2,adjacent,0.6825,91.0,29.0,90,118,0.7583333333333333,0.07583333333333331,0.6781961296398777,0.8303183447932636,0.15212221515338586,0.5769230769230769,0.2769925213675214,0.7604476378742009,0.9225350344942715,0.8499756072675321,0.2908266199494114,0.01749999999999996,0.7,0.05833333333333335,0.7,0.7307692307692307,0.6730769230769231,-0.0576923076923076,0,0,0,0,1,1,170,52
88,B1,A2,adjacent,0.6875,84.0,36.0,83,118,0.7,0.012499999999999956,0.6153818045326394,0.7783040986891099,0.16292229415647053,0.6538461538461539,0.22846153846153844,0.6499703571496875,0.510590827800416,0.021557960457840974,0.6960718330236297,0.012499999999999956,0.7,0.0,0.7,0.5769230769230769,0.6730769230769231,0.09615384615384626,1,1,1,0,0,1,170,52
89,B1,A2,adjacent,0.6924999999999999,90.0,30.0,89,118,0.75,0.05750000000000011,0.6691131274126989,0.8229970494611966,0.15388392204849766,0.6346153846153846,0.24519230769230768,0.68909810100359,0.8915967986710015,0.785690340716971,0.35506670733483425,0.007500000000000062,0.7,0.050000000000000044,0.7,0.6153846153846154,0.6346153846153846,0.019230769230769162,0,0,0,1,1,1,170,52
90,B1,B1,exact,0.6975,83.0,37.0,82,118,0.6916666666666667,-0.005833333333333357,0.606544969796941,0.7707370810725431,0.16419211127560218,0.6538461538461539,0.2277617521367521,0.6483166833074235,0.5679457188344068,0.1366072600085677,0.6892244008907094,0.0024999999999999467,0.7,0.008333333333333304,0.7,0.6153846153846154,0.6923076923076923,0.07692307692307687,1,1,0,1,0,1,170,52
91,B2,B2,exact,0.4025,58.0,62.0,57,118,0.48333333333333334,0.08083333333333331,0.39471610136895163,0.5724769863096065,0.1777608849406549,0.4230769230769231,0.2477136752136752,0.6885729392556232,0.8953816720800963,0.8235898813876683,0.4002005203795174,0.0025000000000000022,0.4,0.06666666666666671,0.55,0.2692307692307692,0.3269230769230769,0.05769230769230771,0,0,0,1,0,1,170,52
92,B2,B2,exact,0.4075,58.0,62.0,57,118,0.48333333333333334,0.07583333333333336,0.39471610136895163,0.5724769863096065,0.1777608849406549,0.4807692307692308,0.24963675213675213,0.6924205185536236,0.8953816720800963,0.8235898813876683,0.4002005203795174,0.007499999999999951,0.4,0.06666666666666671,0.55,0.3269230769230769,0.40384615384615385,0.07692307692307693,0,0,0,1,0,1,170,52
94,B2,B2,exact,0.4175,55.0,65.0,54,118,0.4583333333333333,0.04083333333333333,0.37037231231541196,0.5476103878018184,0.1772380754864064,0.38461538461538464,0.24212072649572655,0.6773560439107035,0.8789969119030341,0.7800712150823674,0.4264119225713214,0.01749999999999996,0.4,0.05833333333333329,0.4,0.4230769230769231,0.34615384615384615,-0.07692307692307693,0,0,0,0,1,1,170,52
95,B2,B2,exact,0.4225,54.0,66.0,53,118,0.45,0.027500000000000024,0.36230781071097673,0.5392714173281212,0.1769636066171445,0.5384615384615384,0.2563461538461539,0.7058904521583169,0.8509208521689651,0.7158852026110525,0.46765560610440743,0.022499999999999964,0.4,0.04999999999999999,0.4,0.5,0.4423076923076923,-0.05769230769230771,0,0,0,0,1,1,170,52
96,B2,B2,exact,0.4275,51.0,69.0,50,118,0.425,-0.0025000000000000022,0.3382662237711153,0.5141025428318441,0.17583631906072877,0.4423076923076923,0.2469711538461538,0.6870863930516611,0.7047360264685608,0.4124927363095453,0.6237442663931853,0.02749999999999997,0.4,0.024999999999999967,0.4,0.36538461538461536,0.5384615384615384,0.17307692307692307,1,0,0,0,0,1,170,52
97,B2,B2,exact,0.4325,53.0,67.0,52,118,0.44166666666666665,0.009166666666666656,0.35426853233152783,0.5309072169144571,0.17663868458292925,0.36538461538461536,0.23769764957264958,0.6684455351398881,0.8119817716842881,0.6326301999565248,0.5184933875791905,0.03249999999999997,0.4,0.04166666666666663,0.4,0.4230769230769231,0.40384615384615385,-0.019230769230769218,0,0,0,0,1,1,170,52
98,B2,C1,adjacent,0.4375,39.0,81.0,38,118,0.325,-0.11249999999999999,0.2444909573775987,0.41103457318439385,0.16654361580679514,0.4807692307692308,0.27389423076923075,0.7444308133705652,0.922375056466991,0.8794332713307164,0.3262994117794904,0.03749999999999998,0.4,0.07500000000000001,0.25,0.40384615384615385,0.28846153846153844,-0.11538461538461542,0,0,0,0,1,1,170,52
99,B2,C1,adjacent,0.4425,47.0,73.0,46,118,0.39166666666666666,-0.05083333333333334,0.30657198265869723,0.48018268093105326,0.17361069827235603,0.40384615384615385,0.24090277777777785,0.6748505444837505,0.5787884983151459,0.15817195572835463,0.6855824300747697,0.04249999999999998,0.4,0.00833333333333336,0.4,0.4807692307692308,0.4423076923076923,-0.03846153846153849,1,1,0,0,1,1,170,52
100,B2,C1,adjacent,0.4475,47.0,73.0,46,118,0.39166666666666666,-0.055833333333333346,0.30657198265869723,0.48018268093105326,0.17361069827235603,0.4807692307692308,0.2575694444444445,0.708720685979007,0.5787884983151459,0.15817195572835463,0.6855824300747697,0.04749999999999999,0.4,0.00833333333333336,0.4,0.46153846153846156,0.4423076923076923,-0.019230769230769273,1,1,0,0,1,1,170,52
101,B2,B2,exact,0.4525,51.0,69.0,50,118,0.425,-0.027500000000000024,0.3382662237711153,0.5141025428318441,0.17583631906072877,0.4423076923076923,0.24697115384615376,0.6870863930516612,0.7047360264685608,0.4124927363095453,0.6237442663931853,0.05249999999999999,0.4,0.024999999999999967,0.4,0.4423076923076923,0.46153846153846156,0.019230769230769273,1,0,0,0,1,1,170,52
103,B2,C1,adjacent,0.4625,46.0,74.0,45,118,0.38333333333333336,-0.07916666666666666,0.2987145022706599,0.47163659821041504,0.17292209593975516,0.4807692307692308,0.25912393162393166,0.7119957345370467,0.6500766960125152,0.30097022915546984,0.6535082295806957,0.0625,0.4,0.016666666666666663,0.4,0.4423076923076923,0.5,0.05769230769230771,1,0,0,0,0,1,170,52
104,B2,B2,exact,0.4675,55.0,65.0,54,118,0.4583333333333333,-0.009166666666666712,0.37037231231541196,0.5476103878018184,0.1772380754864064,0.4423076923076923,0.2469284188034189,0.6869937795643477,0.8789969119030341,0.7800712150823674,0.4264119225713214,0.0675,0.4,0.05833333333333329,0.4,0.4423076923076923,0.38461538461538464,-0.057692307692307654,0,0,0,0,1,1,170,52
106,B2,B2,exact,0.4775,51.0,69.0,50,118,0.425,-0.05249999999999999,0.3382662237711153,0.5141025428318441,0.17583631906072877,0.5576923076923077,0.26427884615384606,0.7219649551908458,0.7047360264685608,0.4124927363095453,0.6237442663931853,0.07250000000000006,0.55,0.024999999999999967,0.4,0.38461538461538464,0.5576923076923077,0.17307692307692307,1,0,0,0,0,1,170,52
107,B2,B1,adjacent,0.4825,68.0,52.0,67,118,0.5666666666666667,0.08416666666666667,0.47748235352653984,0.6537453839517969,0.1762630304252571,0.5,0.2544444444444445,0.7021160309032791,0.6450427543915405,0.29127866361308297,0.6588318048610198,0.06750000000000006,0.55,0.016666666666666607,0.55,0.4230769230769231,0.46153846153846156,0.03846153846153849,1,0,0,0,1,1,170,52
108,B2,B2,exact,0.4875,58.0,62.0,57,118,0.48333333333333334,-0.004166666666666652,0.39471610136895163,0.5724769863096065,0.1777608849406549,0.5384615384615384,0.25155982905982904,0.6962680978516241,0.8953816720800963,0.8235898813876683,0.4002005203795174,0.06250000000000006,0.55,0.06666666666666671,0.55,0.40384615384615385,0.4423076923076923,0.038461538461538436,0,0,0,0,1,1,170,52
109,B2,B2,exact,0.4925,60.0,60.0,59,118,0.5,0.007500000000000007,0.4110698532543422,0.5889301467456578,0.1778602934913156,0.5384615384615384,0.25,0.6931471805599454,0.8498441526720439,0.7132886832261874,0.46863068039295286,0.05750000000000005,0.55,0.050000000000000044,0.55,0.38461538461538464,0.4230769230769231,0.038461538461538436,0,0,0,0,1,1,170,52
110,B2,B2,exact,0.4975,64.0,56.0,63,118,0.5333333333333333,0.03583333333333333,0.4440757540504391,0.6215380792921872,0.1774623252417481,0.46153846153846156,0.25367521367521373,0.7005101785278863,0.6396174514579914,0.28092461301475724,0.6646666981499741,0.05250000000000005,0.55,0.01666666666666672,0.55,0.46153846153846156,0.4423076923076923,-0.019230769230769273,1,0,0,0,1,1,170,52
111,B2,B2,exact,0.5025000000000001,64.0,56.0,63,118,0.5333333333333333,0.030833333333333268,0.4440757540504391,0.6215380792921872,0.1774623252417481,0.5769230769230769,0.24598290598290604,0.6851027101481338,0.6396174514579914,0.28092461301475724,0.6646666981499741,0.04749999999999999,0.55,0.01666666666666672,0.55,0.4423076923076923,0.5,0.05769230769230771,1,0,0,0,0,1,170,52
113,B2,B1,adjacent,0.5125000000000001,66.0,54.0,65,118,0.55,0.03749999999999998,0.4607285826718787,0.6376921892890233,0.17696360661714455,0.5384615384615384,0.24865384615384617,0.6904542448150746,0.502157193828517,0.005065555229513297,0.6992674358603868,0.03749999999999998,0.55,0.0,0.55,0.38461538461538464,0.4423076923076923,0.057692307692307654,1,1,1,0,0,1,170,52
115,B2,B1,adjacent,0.5225000000000001,69.0,51.0,68,118,0.575,0.05249999999999988,0.48589745716815586,0.6617337762288846,0.17583631906072877,0.5,0.25562499999999994,0.7045256741212533,0.710138877043766,0.4223237173867344,0.6144581985538815,0.02749999999999997,0.55,0.02499999999999991,0.55,0.46153846153846156,0.5576923076923077,0.09615384615384615,1,0,0,0,0,1,170,52
116,B2,B2,exact,0.5275000000000001,62.0,58.0,61,118,0.5166666666666667,-0.010833333333333361,0.42752301369039347,0.6052838986310484,0.1777608849406549,0.4423076923076923,0.2522008547008547,0.697550624284291,0.7620202868356525,0.5290491882905887,0.5731289952979901,0.022499999999999964,0.55,0.033333333333333326,0.55,0.5384615384615384,0.5192307692307693,-0.019230769230769162,0,0,0,0,1,1,170,52
118,B2,B1,adjacent,0.5375000000000001,69.0,51.0,68,118,0.575,0.03749999999999987,0.48589745716815586,0.6617337762288846,0.17583631906072877,0.46153846153846156,0.26139423076923074,0.7161518615009815,0.710138877043766,0.4223237173867344,0.6144581985538815,0.012499999999999956,0.55,0.02499999999999991,0.55,0.6153846153846154,0.6538461538461539,0.038461538461538436,1,0,0,0,1,1,170,52
119,B2,B2,exact,0.5425,60.0,60.0,59,118,0.5,-0.04249999999999998,0.4110698532543422,0.5889301467456578,0.1778602934913156,0.4423076923076923,0.25,0.6931471805599454,0.8498441526720439,0.7132886832261874,0.46863068039295286,0.007500000000000062,0.55,0.050000000000000044,0.55,0.40384615384615385,0.5961538461538461,0.1923076923076923,0,0,0,1,0,1,170,52
120,B2,B1,adjacent,0.5475000000000001,74.0,46.0,73,118,0.6166666666666667,0.0691666666666666,0.5283634017895849,0.70128549772934,0.17292209593975516,0.5769230769230769,0.24566239316239313,0.6845674443419463,0.9047787940636771,0.8364507545758166,0.3711426550621338,0.0024999999999999467,0.55,0.06666666666666665,0.55,0.5,0.5961538461538461,0.09615384615384615,0,0,0,1,0,1,170,52
121,C1,C1,exact,0.2525,31.0,89.0,30,118,0.25833333333333336,0.005833333333333357,0.1843625700611808,0.3399314661592247,0.1555688960980439,0.17307692307692307,0.15038995726495727,0.4813908054965012,0.5693070419298918,0.13912357633733752,0.6874522814901712,0.0025000000000000022,0.25,0.00833333333333336,0.25,0.36538461538461536,0.3076923076923077,-0.057692307692307654,1,1,0,1,1,1,170,52
122,C1,C1,exact,0.2575,40.0,80.0,39,118,0.3333333333333333,0.07583333333333331,0.25215066260581764,0.4197786041807951,0.16762794157497746,0.3076923076923077,0.21367521367521367,0.6187411636650706,0.914530593578371,0.8509669112384841,0.340582727614564,0.007500000000000007,0.25,0.06666666666666671,0.4,0.17307692307692307,0.3269230769230769,0.15384615384615385,0,0,0,1,0,1,170,52
124,C1,C1,exact,0.2675,31.0,89.0,30,118,0.25833333333333336,-0.009166666666666656,0.1843625700611808,0.3399314661592247,0.1555688960980439,0.38461538461538464,0.25263354700854707,0.7044896673756729,0.5693070419298918,0.13912357633733752,0.6874522814901712,0.017500000000000016,0.25,0.00833333333333336,0.25,0.15384615384615385,0.4230769230769231,0.2692307692307692,1,1,0,0,0,1,170,52
125,C1,C2,adjacent,0.2725,30.0,90.0,29,118,0.25,-0.02250000000000002,0.17700295053880344,0.3308868725873011,0.15388392204849766,0.21153846153846154,0.16826923076923078,0.5200808258238809,0.514034697772734,0.02831457409496707,0.694859672711337,0.02250000000000002,0.25,0.0,0.25,0.23076923076923078,0.3076923076923077,0.07692307692307693,1,1,1,0,0,1,170,52
126,C1,C1,exact,0.2775,36.0,84.0,35,118,0.3,0.022499999999999964,0.22169590131089018,0.38461819546736054,0.16292229415647036,0.23076923076923078,0.1823076923076923,0.5522052194127025,0.8761120872691963,0.7629963244688737,0.4112003555312731,0.027500000000000024,0.25,0.04999999999999999,0.25,0.28846153846153844,0.3076923076923077,0.019230769230769273,0,0,0,0,1,1,170,52
127,C1,C1,exact,0.2825,37.0,83.0,36,118,0.30833333333333335,0.025833333333333375,0.22926291892745693,0.39345503020305916,0.16419211127560224,0.25,0.19090277777777775,0.5706318087735415,0.9035053169777231,0.8247056548245608,0.36329016626244737,0.03249999999999997,0.25,0.05833333333333335,0.25,0.28846153846153844,0.25,-0.038461538461538436,0,0,0,0,1,1,170,52
129,C1,C1,exact,0.2925,35.0,85.0,34,118,0.2916666666666667,-0.0008333333333332971,0.2141611885092683,0.37574900941654904,0.16158782090728074,0.15384615384615385,0.14917200854700854,0.48134867013802235,0.8364418047111729,0.6792053423287172,0.47228709341145886,0.04249999999999998,0.25,0.041666666666666685,0.25,0.23076923076923078,0.2692307692307692,0.038461538461538436,0,0,0,0,1,1,170,52
130,C1,C2,adjacent,0.2975,29.0,91.0,28,118,0.24166666666666667,-0.05583333333333332,0.16968165520673642,0.3218038703601222,0.15212221515338578,0.25,0.1875694444444444,0.5625231553977901,0.5978852440532382,0.19588350978280678,0.6748969894588821,0.04749999999999999,0.25,0.008333333333333331,0.25,0.3269230769230769,0.28846153846153844,-0.03846153846153849,1,1,0,0,1,1,170,52
133,C1,C1,exact,0.3125,41.0,79.0,40,118,0.3416666666666667,0.029166666666666674,0.25984003273298867,0.42849293816688344,0.16865290543389477,0.36538461538461536,0.23244123931623933,0.6576908120360161,0.895552675872897,0.8044937044510251,0.37476152119583783,0.0625,0.25,0.05833333333333335,0.4,0.3269230769230769,0.28846153846153844,-0.03846153846153849,0,0,0,0,1,1,170,52
134,C1,C1,exact,0.3175,47.0,73.0,46,118,0.39166666666666666,0.07416666666666666,0.30657198265869723,0.48018268093105326,0.17361069827235603,0.38461538461538464,0.23673611111111117,0.6663830091099364,0.5787884983151459,0.15817195572835463,0.6855824300747697,0.0675,0.25,0.00833333333333336,0.4,0.25,0.34615384615384615,0.09615384615384615,1,1,0,0,0,1,170,52
136,C1,C1,exact,0.3275,43.0,77.0,42,118,0.35833333333333334,0.030833333333333324,0.27530566394995964,0.4458346298548084,0.17052896590484873,0.46153846153846156,0.2591720085470085,0.7125810776176491,0.8253597446387354,0.6552592398994764,0.48430000481385516,0.07250000000000001,0.4,0.041666666666666685,0.4,0.23076923076923078,0.2692307692307692,0.038461538461538436,0,0,0,0,1,1,170,52
139,C1,C1,exact,0.3425,47.0,73.0,46,118,0.39166666666666666,0.049166666666666636,0.30657198265869723,0.48018268093105326,0.17361069827235603,0.28846153846153844,0.21590277777777783,0.6240453322408663,0.5787884983151459,0.15817195572835463,0.6855824300747697,0.057499999999999996,0.4,0.00833333333333336,0.4,0.40384615384615385,0.25,-0.15384615384615385,1,1,0,0,1,1,170,52
140,C1,C1,exact,0.3475,35.0,85.0,34,118,0.2916666666666667,-0.05583333333333329,0.2141611885092683,0.37574900941654904,0.16158782090728074,0.40384615384615385,0.25333867521367515,0.703174468888248,0.8364418047111729,0.6792053423287172,0.47228709341145886,0.05250000000000005,0.4,0.041666666666666685,0.25,0.4230769230769231,0.28846153846153844,-0.13461538461538464,0,0,0,0,1,1,170,52
141,C1,B2,adjacent,0.3525,50.0,70.0,49,118,0.4166666666666667,0.0641666666666667,0.3303035411638475,0.5056617190075543,0.17535817784370678,0.40384615384615385,0.24091880341880342,0.6748795193681769,0.6391777283033395,0.28007924283850794,0.6649965445654873,0.04750000000000004,0.4,0.016666666666666663,0.4,0.25,0.28846153846153844,0.038461538461538436,1,0,0,0,1,1,170,52
143,C1,C1,exact,0.3625,46.0,74.0,45,118,0.38333333333333336,0.02083333333333337,0.2987145022706599,0.47163659821041504,0.17292209593975516,0.4230769230769231,0.24566239316239324,0.6845674443419463,0.6500766960125152,0.30097022915546984,0.6535082295806957,0.03750000000000003,0.4,0.016666666666666663,0.4,0.38461538461538464,0.3076923076923077,-0.07692307692307693,1,0,0,0,1,1,170,52
144,C1,C1,exact,0.3675,47.0,73.0,46,118,0.39166666666666666,0.02416666666666667,0.30657198265869723,0.48018268093105326,0.17361069827235603,0.5,0.26173611111111117,0.7171882213528211,0.5787884983151459,0.15817195572835463,0.6855824300747697,0.03250000000000003,0.4,0.00833333333333336,0.4,0.28846153846153844,0.38461538461538464,0.0961538461538462,1,1,0,0,0,1,170,52
145,C1,C1,exact,0.3725,48.0,72.0,47,118,0.4,0.027500000000000024,0.3144561714970104,0.4887020386673479,0.17424586717033752,0.3076923076923077,0.22153846153846157,0.6355841185685028,0.5047928188936281,0.010238146334365372,0.6984541906918027,0.027500000000000024,0.4,0.0,0.4,0.34615384615384615,0.4230769230769231,0.07692307692307693,1,1,1,0,0,1,170,52
146,C1,C1,exact,0.3775,37.0,83.0,36,118,0.30833333333333335,-0.06916666666666665,0.22926291892745693,0.39345503020305916,0.16419211127560224,0.34615384615384615,0.2277617521367521,0.6483166833074235,0.9035053169777231,0.8247056548245608,0.36329016626244737,0.02250000000000002,0.4,0.05833333333333335,0.25,0.36538461538461536,0.36538461538461536,0.0,0,0,0,0,1,1,170,52
147,C1,C1,exact,0.3825,48.0,72.0,47,118,0.4,0.017500000000000016,0.3144561714970104,0.4887020386673479,0.17424586717033752,0.28846153846153844,0.21769230769230768,0.6277867126433457,0.5047928188936281,0.010238146334365372,0.6984541906918027,0.017500000000000016,0.4,0.0,0.4,0.3076923076923077,0.5576923076923077,0.25,1,1,1,0,0,1,170,52
148,C1,C1,exact,0.3875,45.0,75.0,44,118,0.375,-0.012500000000000011,0.290884049931094,0.4630634691572551,0.1721794192261611,0.4230769230769231,0.24639423076923078,0.686122162377501,0.7162247875180673,0.4338495662460881,0.605557234481311,0.012500000000000011,0.4,0.025000000000000022,0.4,0.3076923076923077,0.40384615384615385,0.09615384615384615,1,0,0,0,0,1,170,52
149,C1,C1,exact,0.3925,48.0,72.0,47,118,0.4,0.007500000000000007,0.3144561714970104,0.4887020386673479,0.17424586717033752,0.2692307692307692,0.21384615384615385,0.6199893067181889,0.5047928188936281,0.010238146334365372,0.6984541906918027,0.007500000000000007,0.4,0.0,0.4,0.36538461538461536,0.25,-0.11538461538461536,1,1,1,1,1,1,170,52
150,C1,C1,exact,0.3975,47.0,73.0,46,118,0.39166666666666666,-0.005833333333333357,0.30657198265869723,0.48018268093105326,0.17361069827235603,0.4807692307692308,0.2575694444444445,0.708720685979007,0.5787884983151459,0.15817195572835463,0.6855824300747697,0.0025000000000000022,0.4,0.00833333333333336,0.4,0.38461538461538464,0.5192307692307693,0.13461538461538464,1,1,0,1,0,1,170,52
151,C2,C2,exact,0.1025,13.0,107.0,12,118,0.10833333333333334,0.005833333333333343,0.05946505971902479,0.16952319539052593,0.11005813567150113,0.07692307692307693,0.07199252136752134,0.27680748347401446,0.9999394731814701,0.9998789463635324,0.0006483872210346978,0.0024999999999999883,0.1,0.008333333333333331,0.1,0.09615384615384616,0.038461538461538464,-0.057692307692307696,0,0,0,1,1,1,170,52
152,C2,C2,exact,0.1075,7.0,113.0,6,118,0.058333333333333334,-0.049166666666666664,0.023974559730976158,0.10651501471202389,0.08254045498104773,0.17307692307692307,0.15628739316239315,0.5415135207411139,0.9999998121630245,0.9999996243260489,3.0971125929232734e-06,0.007499999999999993,0.1,0.04166666666666667,0.1,0.11538461538461539,0.19230769230769232,0.07692307692307693,0,0,0,1,0,1,170,52
153,C2,C2,exact,0.1125,11.0,109.0,10,118,0.09166666666666666,-0.020833333333333343,0.04705216529930014,0.1491133405687038,0.10206117526940364,0.21153846153846154,0.1811591880341881,0.5812972971632584,0.9999904497054403,0.9999808994109048,0.00011994163124343039,0.012499999999999997,0.1,0.008333333333333345,0.1,0.1346153846153846,0.17307692307692307,0.038461538461538464,0,0,0,0,1,1,170,52
154,C2,C2,exact,0.1175,20.0,100.0,19,118,0.16666666666666666,0.049166666666666664,0.10578773332657065,0.23805309050431386,0.1322653571777432,0.07692307692307693,0.07905982905982906,0.30612447313503927,0.9876383369042583,0.9752766861630551,0.06659182959230504,0.017499999999999988,0.1,0.06666666666666665,0.1,0.07692307692307693,0.11538461538461539,0.038461538461538464,0,0,0,0,1,1,170,52
155,C2,C2,exact,0.1225,15.0,105.0,14,118,0.125,0.0025000000000000022,0.07229735949830586,0.18950903518674506,0.1172116756884392,0.11538461538461539,0.10216346153846154,0.3580594867462895,0.9996591132376442,0.999318226487941,0.0030624553159877867,0.022499999999999992,0.1,0.024999999999999994,0.1,0.1346153846153846,0.09615384615384616,-0.03846153846153845,0,0,0,0,1,1,170,52
159,C2,C2,exact,0.1425,13.0,107.0,12,118,0.10833333333333334,-0.03416666666666665,0.05946505971902479,0.16952319539052593,0.11005813567150113,0.09615384615384616,0.08705662393162393,0.317343627262483,0.9999394731814701,0.9998789463635324,0.0006483872210346978,0.04249999999999998,0.1,0.008333333333333331,0.1,0.11538461538461539,0.15384615384615385,0.038461538461538464,0,0,0,0,1,1,170,52
163,C2,C2,exact,0.1625,26.0,94.0,25,118,0.21666666666666667,0.05416666666666667,0.14796181151361268,0.2943102110908191,0.14634839957720644,0.17307692307692307,0.14502136752136754,0.4666351181704401,0.8149789563350729,0.6299663609633163,0.4790152244350627,0.0625,0.1,0.033333333333333326,0.25,0.15384615384615385,0.19230769230769232,0.038461538461538464,0,0,0,0,1,1,170,52
165,C2,C2,exact,0.1725,20.0,100.0,19,118,0.16666666666666666,-0.005833333333333329,0.10578773332657065,0.23805309050431386,0.1322653571777432,0.23076923076923078,0.1816239316239317,0.5537303058172085,0.9876383369042583,0.9752766861630551,0.06659182959230504,0.07249999999999998,0.1,0.06666666666666665,0.1,0.21153846153846154,0.15384615384615385,-0.05769230769230768,0,0,0,0,1,1,170,52
166,C2,C2,exact,0.1775,26.0,94.0,25,118,0.21666666666666667,0.03916666666666668,0.14796181151361268,0.2943102110908191,0.14634839957720644,0.1346153846153846,0.12322649572649576,0.41720441646857387,0.8149789563350729,0.6299663609633163,0.4790152244350627,0.07250000000000001,0.25,0.033333333333333326,0.25,0.21153846153846154,0.17307692307692307,-0.038461538461538464,0,0,0,0,1,1,170,52
167,C2,C2,exact,0.1825,23.0,97.0,22,118,0.19166666666666668,0.009166666666666684,0.1266439311659495,0.2664133798966574,0.13976944873070793,0.23076923076923078,0.1790438034188034,0.5449077094881013,0.9408912641468589,0.8817829372188319,0.2245133703069721,0.0675,0.25,0.05833333333333332,0.25,0.1346153846153846,0.17307692307692307,0.038461538461538464,0,0,0,0,1,1,170,52
169,C2,C2,exact,0.1925,17.0,103.0,16,118,0.14166666666666666,-0.05083333333333334,0.08547680237964397,0.20914478484153753,0.12366798246189356,0.3076923076923077,0.24058226495726506,0.707075260451924,0.9983520348506598,0.9967040699315166,0.012207123790904108,0.057499999999999996,0.25,0.04166666666666666,0.1,0.17307692307692307,0.19230769230769232,0.019230769230769246,0,0,0,0,1,1,170,52
170,C2,C2,exact,0.1975,20.0,100.0,19,118,0.16666666666666666,-0.03083333333333335,0.10578773332657065,0.23805309050431386,0.1322653571777432,0.15384615384615385,0.13034188034188035,0.4299273894761239,0.9876383369042583,0.9752766861630551,0.06659182959230504,0.05249999999999999,0.25,0.06666666666666665,0.1,0.23076923076923078,0.23076923076923078,0.0,0,0,0,0,1,1,170,52
171,C2,C2,exact,0.2025,25.0,95.0,24,118,0.20833333333333334,0.005833333333333329,0.14080862010272344,0.28505865529645,0.1442500351937266,0.19230769230769232,0.15558226495726496,0.49034582555310907,0.8678620444611604,0.7357273263505295,0.3904683665747148,0.04749999999999999,0.25,0.04166666666666666,0.25,0.19230769230769232,0.23076923076923078,0.038461538461538464,0,0,0,0,1,1,170,52
172,C2,C2,exact,0.2075,23.0,97.0,22,118,0.19166666666666668,-0.01583333333333331,0.1266439311659495,0.2664133798966574,0.13976944873070793,0.19230769230769232,0.15532585470085467,0.48955321861986173,0.9408912641468589,0.8817829372188319,0.2245133703069721,0.04250000000000001,0.25,0.05833333333333332,0.25,0.17307692307692307,0.17307692307692307,0.0,0,0,0,0,1,1,170,52
173,C2,C1,adjacent,0.2125,31.0,89.0,30,118,0.25833333333333336,0.045833333333333365,0.1843625700611808,0.3399314661592247,0.1555688960980439,0.25,0.1875694444444445,0.5625176643616545,0.5693070419298918,0.13912357633733752,0.6874522814901712,0.037500000000000006,0.25,0.00833333333333336,0.25,0.25,0.23076923076923078,-0.019230769230769218,1,1,0,0,1,1,170,52
174,C2,C2,exact,0.2175,28.0,92.0,27,118,0.23333333333333334,0.015833333333333338,0.16240002790969812,0.31268110602235827,0.15028107811266014,0.34615384615384615,0.23905982905982903,0.6774822658047186,0.6780485688874154,0.3561469856445453,0.6288188189366346,0.0325,0.25,0.016666666666666663,0.25,0.1346153846153846,0.2692307692307692,0.1346153846153846,1,0,0,0,0,1,170,52
176,C2,C2,exact,0.2275,23.0,97.0,22,118,0.19166666666666668,-0.03583333333333333,0.1266439311659495,0.2664133798966574,0.13976944873070793,0.19230769230769232,0.15532585470085472,0.48955321861986173,0.9408912641468589,0.8817829372188319,0.2245133703069721,0.022499999999999992,0.25,0.05833333333333332,0.25,0.15384615384615385,0.19230769230769232,0.038461538461538464,0,0,0,0,1,1,170,52
178,C2,C2,exact,0.2375,29.0,91.0,28,118,0.24166666666666667,0.00416666666666668,0.16968165520673642,0.3218038703601222,0.15212221515338578,0.25,0.18756944444444448,0.56252315539779,0.5978852440532382,0.19588350978280678,0.6748969894588821,0.012500000000000011,0.25,0.008333333333333331,0.25,0.19230769230769232,0.25,0.05769230769230768,1,1,0,0,0,1,170,52
179,C2,C2,exact,0.2425,28.0,92.0,27,118,0.23333333333333334,-0.009166666666666656,0.16240002790969812,0.31268110602235827,0.15028107811266014,0.28846153846153844,0.20829059829059823,0.6088524157927663,0.6780485688874154,0.3561469856445453,0.6288188189366346,0.007500000000000007,0.25,0.016666666666666663,0.25,0.28846153846153844,0.36538461538461536,0.07692307692307693,1,0,0,1,0,1,170,52
180,C2,C2,exact,0.2475,25.0,95.0,24,118,0.20833333333333334,-0.039166666666666655,0.14080862010272344,0.28505865529645,0.1442500351937266,0.2692307692307692,0.2004540598290599,0.5930382153017507,0.8678620444611604,0.7357273263505295,0.3904683665747148,0.0025000000000000022,0.25,0.04166666666666666,0.25,0.25,0.2692307692307692,0.019230769230769218,0,0,0,1,1,1,170,52
